AN. 1553 215

que 56 3931613033 9313 13 fabrica de 31165113 6391113, 56 33 mu-
61105 13011130 3 3116161 6111611361· 310. 1351111110 36 13 6013931113

y 3910366113156 36 105 1313151105 36113, y assi 6513 3113165133
1105 11311 3330 31116113 911553 63 135 confessiones y 56 3 1110511330
31116110 fruto spiritual 63 3131111135 31111335 3116 1133 31116110 mu-
dado 36 vida. Un hombre 9311163131136316, 635330, 3116 113213
9063 vida 603 511 muger (1131133116 6113 11163 1103113311), 31116110
amigo 36 105 33361531105 36 13 6013931113, 57 3516 16313 131 091-
11103 901 6516 91161110, 3116 16 1631311 901 6390131 611116 1111365.
6031655016 61 11.Ε 13.Ο 66511 “ 36 gesom, y 316 13310 gammo,
que figora viene 33111 611 31165113 6353 1111161135 176265 57 1105 1136
36 5115 amigos 1111161105 9313 3116 165 603165561305, 60111761561305
y 1131115611105 36 105 61133305 (161 mundo.

En 511 6353 30 31161113 1111316556 ninguno 3116 110 56 6011165-
5356 ό 1131356 3 105 Ρ33165 (16 13 6011193313. Α 01105 311161105 113
13011130 Dios 310. S.01‘ 603 65135 9163135, 3116 56 391011661133.
Dimos los 6Χ61·616105 3 11110 (1116 6513113 331013 9313 56 113261
306101 611 165765; 65 1136131161· in utroque, 11116111311110 y 113 01305
105 1131“165; 36 muy 11116113 presentia y 631116311011; 5330 y 3110
36 6116190; 901· 363 1111157 603056130 36 virtuoso 1033 511 111066-
333; 36 6333 9060 1335 36 11657313 3305ῑ 6516 56 3 3616111113330
931313 603193313, 3116 916360 531313 1111611 hijo, 31133116 6313-
133; 31Ζ656 Μ311131161 ², natural 36 1331331161. 596133105 13 165-
9116513 y 11663113 36 nro. p. provincial, 51 3116113 3116 563 16-
6611130.

En fin, Ρ3316 1310, 3116 6516 1111301 36 01113 511-116 13 36 16365
9313 11361· 311335 63 603305611316310 36 Dios nro. 801⁴, 3116 65
36 61661 3116 31116110 11135 56 56111113 511 (11111113 1333165133 361
1030, 91165 131110 5761305 3116 56 511116 573 36135 931165. Para
31165110 93316 Μ. Ignatio 56 1111550 11113 1116313 3163111011 36
16113316, 611 105 133333163105, 6011 61 1101111116 36 ]65115 engra—
3330, 57 61 511570 36113Χο 361 nombre 36 Jesus, 611 13 misma 916-
313 131311163 6113133330. Ρ313 10305 105 6011613105, 63535, 933165
y 1161313305 36 13 6013113313, 3116 90311305 16361· 3161110113, 56
911550 1133 916313 63 particular. Dios 1110. seffor 165 aga 3 10305
13165 ministros 36 511 5711116513, 3116 1361656311 y 5633 6011 511
divina gracia para 5115163131 63 135 33111135 36 105 9101111305 10

¹ P. Joannes Gesti‚ de quo vide Cartas de San Ignact'o, t. v, pag. 195.
2 Vide PoLANco, Clzrom'con, t. 111, pag. 385, n. 840.

