AN. 1554 (³85

decido grandes y continuas enfermedades‚ 31 0300 10 116110 61
56001, 0005010133 13 03106, (1116 00 56 00313 113013 3135 11101161,
y exercitatio 61 65011110 000 00130165 3010165; y 3051 016050
(1116 6513 3,(,1013 gozando del premio 36 5115 01110005 11303105,
33030005 y dejandonos muy 111113 1116100113 511 01160 61610010 y
mortificacion 361 1161000 36 13 5301333 y 61 0160311601111330
11305110 (1116 61 56001· 16 310.

Τ3100160 0110 Η6101300, (1116 56 36013 Αο10010 36 Eraga, 56
113 131160130; 651303 3110 60 61 0110161 300 (16 511 010030100,
1035 60 61 16 310 61 56001 130135 gracias y dones 6501111113165,
(1116 005 113 63100330 10110110; y 351, 0301603016 60 016116 1160100
3010 0313 6116100 (16 105 016105, 16 116110 0353030 01110610 001
60161016333 muy trabajosa y harto prolixa.

Ε1Η6101300 Αο11106Ζ 113 6011330 1111101135 116065 §angre 0011
0316011113, y, 3601111303056 0333 313 1035, han 105 10631005 36-
1610110330 (111616 0353560 36 6513 116113, 00 0011 650613023 36
5301333, 1035 001 no quedar remedio alguno (1116 113061. Ε513
agora 611 530 Fins, 3 30 031606 (1116 61 56001 00103 fin 3 511
vida 1611100131 y lo 11611313 3 gozar 36 13 616103. Εο 6516 11611100
36 511 60161106333 113 03160130 01110110 61 501130 0101160110, (1116
111Ζο,60 un 0116010 00 muy lejano 36 aqui, 3 (10 103 135 1165135 3
113061 13 30011103, 0615611613030 13 gente 51610016 60 61 01360 y
exercicio (1116 0011 61105 16013; y ansi han 1110511330 10 10110110
(1116 60 61 56001 16 3013030, 36563030 y 01316030 (1116 56 10 316-
560 0313 60116 51 16 011131 y servi1·; y 00 165 00006316030 6510,
aqui 60 61 Colegio 16 (11161130 11151131· 000 00535 (1116 16 113130, y
60 511 116113 56 1130130 01006510065 por 511 531113; figora 01360
0110 (1116 56 0000633 60 511 lugar.

Ε5105 3135 han 60111330 0113110 5306130165 y 0113110 Η61013-
005 36 3(1111 361 Colegio, uno para 13 10313 ¹ 000 61 Ρ. Fran-
01500 Vieira, y 01105 0313 60 Ε11013 y Lixbona 00361 31111331
60 135 00016510065 60 13 0353 36 105 01016505 y Colegios‚ y 305
36 61105 0313 1661 305 013565 36 0001301333 60 0150003, 001
multiplicasse 3113 01110110 105 651113130165; y figora 113 013611
0110 Μ365110.

Los 11135 Ρ33165 y Hermanos (1116330 0116005, 510 1100 (1116
algo 3033 11300; 11303130 10110110 60 5115 0001101105 6161010105.

¹ Is fuit Ρ. Didacus Soveral.

