AN. 1554 585

13010 01105 1105 10020101105 (1110 hay 00 10 ν1110; y 0 00001105 00-
505 1100 105 captivos enfermos sobre su 110000, (1110 00 0110
11100010 00105 (11110100 105 100105 (1111101 00 105 10οΖ11101105; y
105 11000 011101 110 hermano que 11000 consigo, 1101110οο Igna-
cio ¹, y 01105 005 110100105, (1110 10 03711000 0 5011711105; y para
aver 111005005 13010 podes 131·ον001105, scribe 01 Ρο010 0 011101-
505 1301105 00 00511110, 0 00000 11000 10110110 0100110 000 mu-
01105 5000105 y 5000105 grandes, y [0] 01105 101101105 50110105 00
05105 101005 00 Portugal, 105 0110105 10 000 011101105 110105005,
051 para estas como para otras 101101105 00005100005 (10 105 0013-
111705; y para 10500101 algunos, 10 1000000 01 010010 1301· 101105,
0 10 1111100 por 10010000105, (1110 110100 001 101110 00 Fez3 y (10
05105 1101051105 50 1715100105 captivos, por 00001 (1051111005 510
105 5000105 105 (1110101 (101 170511005; y 0110 010 0110 110 captivo
que 0 105 1111511105 100105, (1110 110000 0105 0000510110, 1)10100; (10
10 (1110 01105 01110110 50 00111000.

Τ1000 10110110 vigilancia 01 Ρο010 00 501301 105 (1110 05100 fia-
005 0010 10 0 (1110 110000 0005100 00 0001, 051 por salta 00 015-
0100100, 00010 105 01005 y 01005, 00010 [por] 01105 0011505; 1101-
(1110 0 105 1111110105 0005111000 105 moros 0 501 010105, 1301 105
130001 10001· por 0100001105; v 0 05105, (1110 1101100 50100100105 00-
005100005, 1050010 131101010, y, 0110000 10 000051000 05 urgente,
1050010 sobre 511 110000, 0 10 000 13010 0110 (1100105 1310510005,
porque 11000 gran 0100110 00 00110110 110110, 051 por 511 1701000
00100 por 511 17111110, pol-que aun 105 100105 10 1101100 por hom-
1)Γο 500010.

A unos 10010000105 00 Το1000 50111710 01 130010 00010 (1110-
1100 1101101· 00 Τ111100 para 10 0111000 (10 ΡοΖ 1100 11111101 y 1105
100ῑο5, 00 105 0110105 005 1100100 5100 100105 005 0005 y 50 110-
10100 00017011100 0 10 f& 00 01105110 30001, y por 050 05101700 00
gran peligro 00 50 1101001. Ε1105 000 511 00110 11110100 11000010
001 provisor, 0105110000Ιο 10 00110, y huvieron 00 1100 5001000
400 01100005, (1110 10 001710100 13010 105 10500101, 000 105 0110105
1050010 01000, 105 0110105 1050010 000 01105 1701110011ον0 0 1101010
captivos. Scrivie'ronle 05105 10010000105 (por 501 10101100005
001 01100105 1011011001105 50 1100100 1111005, y 00100 01105 105
110100 00 00010105 11000005) (1110 (11101100 0100001· 11110 00110010

 

 

¹ Fr. Ignatius Vogado, vel Bogado.

