(116 LITTERAE QUADRIMESTRES

1130011105 01101113, 11010110 5011 1311135 135 0110 10 1130011 57 113-1311
(10 30111 33013310 0011 3571133 30 ]3105, 0110 110 10 500 1111111010.
Νο501105 051311105 011 011105111131, 30 10 01131 3111111105 50 0511311-
1311, 11010110 110 10111311105 11113 0353 o 1105311105 011 0353 30 algun
sacerdote. Vivimos 30 1111105113, 57 001110 110 1011131305 51110 10 0110
11011105 menester 0333 313, 01131130 1011011105, eomemos; 01131130
110, 110; y 1135311105 001110 1103011105; 3111111135 170005 17311105 3 110-
(111 3 0101135 personas, 11010110 51 10 1103111105 1101· 13 0111333,
1011131110 por 3051101113 105 110111131105 30 13 Misericordia, porque
1105 11011011 1·οξ330 0110 1101 311101· 30 ]3105 0110 110 10 1131031305,
0110 01105 1105 331311 01 1100053110 11313 comer: empero 110501105
110 10 0301011105 10011011· por ser 1130101133 (10 11011105. Plega 31
501101· 1011011105 30 511 1113110 57 (1311105 gracias, 0011 (1110 0111111113-
11105 11011001311101110 511 531113 1701113133. Α111011.,,

Ε510 05, R. Ρ. 011 C.t0, 10 0110 30 05135 1131105 11357 011 05105
0113110 1110505 11313 050111111 3 V. P. Resta 311013 11031110 1101 10-
305 1105 113573 1101 1111157 01100111οῃ33305 011 511 1101131οί011.

Ι30 0510 Colegio de Evora 11057 29 de Abri]v 1554 asios.

Despues 30 501 1100113 0513 57 110 501 31111 011171333 3 V. P., vino
0113 03113 301111151110 P. Ρο310 30 531113 Cruz, en 13 01131 05011110
301 grande fruto 57 31111101110, 0110 1101· 01105 111105110 501101 3111 113
0111330 305111105; 57 011150 01 Ρ. (1110 50 00111350 30111, 11313 V. P.
ser informado de todo 01 fruto (1110 Nuestro Sr. obro 1101· 105 113-
3105 011 301101135 1131105, 11010110 01105 573 5011 venidos 30 3113. La
001113, 111105, 30 13 03113 05 13 siguiente:

“La gracia y 1132 30 111105110 501101 503 5101111110 011 1111051135
almas. Amen. Lo que 1105110 501101 1101 511 11011333 113 0111330,
0113115111105 110111131105, 011 0513 511 110113, 305111105 0110 0501111111105
13 0113, 011 13 01131105 3111105 101301011 30 1030 10 1135330, 311013
31 1110501110 311011105 001113 3571133 30 Dios 10 0110 ]3105 111105110
501101 30 0111011005 303 113 0111330 57 01113 0333 313, 1113570111101110
011 105 0013201105 30 301101105 0110 0011 11135701 fervor 3 e'l 50 11311
1100330 57 llegan 0333 313; 11111101113111101110 011 0513 110113 1131113
011 105 110511113105 1111110105 30 13 111311001113, 3301130 50 11301311
gravissimas ofensas 30 Dios, por ser 00351011 30 1311105 11003305,
113513 311013 0110 01 Ρ. 0011 3571133 30 Dios 113 11110510 remedio en
ello 0011 113110 11311310, 113513 311331 301 Α103130 ¹ aljuez 11313 135

¹ Sic; rectius fortassis Alcalde. Est enim Alcalde quasi civitatis 111·30101·,0111,111101·

