466 LITTERAE QUADRIMESTRES

3 13 13136. Τ16116, 100165 31 Son, gran talento para 111631631;
11163163 6011“31311 2610 y hervor y muy bien; 357 31311 concurso
(16 361116 3 511 1116316311011, 36 manera 3116, 6011 13 1316513 561·
grande y muy 631132, 56 1116116 1033 57 31111 1101 135 111161135
3111613 6513 601111111133311161116 113513 013 111116113 361116, 57 573 6510
5161111116 611 continuo augmento, y 611 6510 continu& hasta 013,
excepto un 3011111130 3116, 116316113010 61 Rey, 561116 3 111631631· 3
palacio.

Hun ΡΘ , namacio 30116310 5732, 11326 doctrina 3 13 13136
10305 105 3011113305 57 3135 5311105, y 3013 13 11326 36 105 116663-
305 1110113165ς 57 3 6513 doctrina concurre 31111 mucha 11135 361116
3116 1101 13 1113113113, 11013116, 111113 36 65131· 13 1316513 1111157 116113
5713 361116 1111157 311161333, 57 mucha gente por fuera 36 13 1316513
05761130, 6160 3116 1111161135 576265 56 573 11135 361116, 1101 110 110361
057116 57 110 161161 111331, 36 13 3116 10 0576. Ε5 (16 manera 3116,
veniendo unos 116111131105 (161 60116310 36 5311 3111011 3 057116 57
57611105, 57657311 1156 131113 361116, 3116 116115311311 3116 36311313 573
61 pfl 13 306111113. Μ116113 361116 56 311633 611 13 1316513, 5111 11 3
6353 3 6011161, 1101 161161 111331; 57 01105 1111161105 1113113311 trahes
61 6011161 57 60111611 66163 36 33111 611 61 63111110, 11013116, 1611161130
135 63535 161105, 16111611 3116, 51 3113 11161611, 573 110 11311611111331
31131130 57611161611; 11013116 573 13 6053 36 manera (1116, 3631131130
1105 135 11115535 57 confessiones, por 561611 1111161135 105 30111111305,
3 135 3026, 31131130 65 13 11113, 57313 1316513 65131311 116113, 3116 110
56 1111636 6111131. Un 3011111130 365105 113553305 11113 60113653, 1101
venir 6630 11313 31131 111331, 36Χο 511 11131130 3 13 111653, 11657311-
13113056 36113; 57 311113116 vino cedo 57 1131113 mucha gente, 3116
111063133311 36 11326116 111331, 10335713 110 111130 6111131, 57 1116556
6113 57 0113 11111361 noble, 3116 6011 6113 5761113. Va 6516 11611101,
100165 31 Sor. 611 111116110 augment03 11013116 613011111130 113553·
30, 11057161130 111116110,’“11611531130 1105 3116 110 57611113 131113 361116,
571110 11135 361116 31111 3116 105 01105 30111111305. 1365111165 36 6513
doctrina 65 131113 13 361116 3116 1716116 3 1113. 1316513 3 113261· 013-
61011, 3116 3 135 576665 56 1103113 1011131 3 113661 0113 11131163 57 110
6011 mucha 11161105 361116.

Hace 13111101611 6516 pfl 11113 11131163 3 135 3311135 36 13 Reyna
31 11113160165 3 13513136, 57 65 131113 511 3657061011, 3116 65 11313
331 3136135 3 1110. Sor.; 11013116 1111161135, 5631111 312611, 363-
11333 13 11131163, 56 1611311611 611 5115 camaras 57 1101311 36

