AN. 1554 · 535

casa y Collegios, 0053 36 1330110 fructo para 13 gente, que 33-
16506 113513 63103065 no 56 531113 36161131331 63 135 00535 36113;
301(136, como 63 13 1761333 10305 310063133 001353316316, 3351
3305 360133 36113 36 333 3133613, 01105 36 0113. Ahora por 13
110333 36 Dios N. 5. 1030 113 muy 11163 y 3 mayor gloria 36 Dios
y 313113323 5313, y 3 gre-1 3313610 361 edificio 36516 3361110, (136
305 11636 mucha 3110103.

En 61 pr.⁰ 36 0013016, 00310 0160 13 V. P. 531113, 305 310 53
A. ¹ 13 Iglesia (16 533 Roque, que 65 36 muy 113633 0311301333 y
5113333 63 61 3135 noble y 5330 lugar 36 13 013333. 13653365 36
13301105 3135 316113 363130 3 105 00113365 (16113, 105 (133165 56 36-
16131133103 (16 30 (13113 y 631631633010 61 Rey, 3653365 36 mu-
01105 ruegos y 033131113163105 003 61105, 3616113130 36 venir 3
6113 63 310313 3615033 3313 36 53 13330 305 316161 63 30556 ²,
como 10 11120, 6303133330 31 51. Don P.0 Mascarefias 3313 305
331 135 1131765; y como 63 1030 61 Rey 65 muy ,1351130330 y por
no 36500350131 3 65105 1103111165, 53115320165, 33330165 100 33-
03305, (136 303133 1131161 gastado 63 32316105, 36 (136 163133 muy
bien 336162333 53 1316513, y 10 3303305 (16 16313 0333 330, (136
30313 16131 13 0311613 36 135 111305335, y 30 3303305 63 0333 33
330 63 53 vida 3 33 0336113, (136 habia 3135 36 30 3305 (136 113-
bitaba 63 13 1316513, (13633330 333 105 00113365 algo 36500163-
105; 3135 30 3353103 13301105 3135, 3653365 36 3365113 651333,
(136 Dios N. S. 105 30311356 36 00350131, 1161130 61 grande fructo
(136 56 113213 y 00305016330 (1333 11163 11311133 1100330, 361311-
tiendo 1113156 6513 1316513 3 33 03361133 3313 33156 3 133105, 36
(136 Dios 56 sitve, delo (136 65133 muy contentos y gradem.te
0035013305, 00310 3653365 3105113103 003 1131311135 y obras;
3365, 3653365 (136 1116103 nro. modo 36 vivis, 1110511310 13310 53
00163133116310 (136 33303 3031131133 36 331 gracias 31 56301 36
1131161 30501105 5130 63 105 (136 0330 13 536116 36 venir 3 6513
0353, 33165 (136 01105 31301105 1611310505, (136 ya 13 11311133 316-
1633130 31033231 36 61105, y 003 favor 361 Rei. Bendito 563 61
56301 301 1030. Y 351 56 136103 3 13 Reina, (136 11313 33156305
13 0353 fue' 0351 1030, 3333016 gracias, eliciendo 561165 1160113 333
gra m.d 31033231 3365113 003ν61530103 301 53 136310, aunque

¹ Rex Portugalliae.
Β en posesion.

