‘230 LITTERAE QUADRIMESTRES

del sanctisimo Sacramento, para 10 0113110 110110 Nuestro Sefior
(1330 3011 y zello 5000131; 57 31151 1111101135 170205 303000 110 pode-
ren aqui 105 Ρ33105 53115113001 3 1311135 confessiones. El mismo
P. Dom Goncalo esta 01131051113 50 001100 001 13 501113113 0011
305 11101135101105 30 111011135 0110 30111 357, 11110 30 5311013 Α113 57
0110 30 5311013 Clara, 3 30 357 013111 1111101103111111110 30 111011135,
57 11120 111105110 501101 131110 001 01 0011 13 mucha dilligencia‚ que
01 (10 511 03110 01150, ν151131130135 1111 313 1111 monasterio y al otro
dia 01 0110, 57 3001111131130135 0311101113111101110, 0110 135 11135
301135 1011131011 105 οΧ01·010105 spirituales em entrambos los mo-
nasterios y perseueran 011 01301011 y ay 0500131103 0110 571311
330131110, 111310111101110 0010110 01 135 1715113 3111111 3013 305 170205
011 13 501113113.

Al principio de 13 0113105313, 03100101130 111011 31 03310 Doc- ’

101 Το1105 01017001 135 10105135, 31111οΧ35 3 0510 60110010, 30
doctrina spiritual, 01105 (101135 10111311105 10 1011100131, 01111110 3
530 Fins los padres pedro 3132 57 1113110οΙ 10110 0013 0110 0011
105 0110 3113 051311311 50 000110355οῃ 011 17151131 111111 3 1110111130
10335 301101135 parrochias, confessando y predicando 57 331111·
11151131130105 01 Sanctissimo 53013111οη10, 57 3111111 3013 00150110-
1311 011 0110. Ε1111110 1311101011 3 5311010 Α111011 (10 Β5701150013, 0113
1010513 (101 00110010, 3 305 110111131105, 105 0113105 1033 0513 0113-
1051113 50 00011031011 011 113201 doctrina 31 01101110 57 011 0115οῇ31
105 Rudimentos de 13 fee 3 105 1110011301105 57 01135 00011030101105
050111133105, 011110 135 0113105 11113 013 17151131· 3 105 010505 30 13
0111333 3013 5113133 y 113201105 300111113, 5701130105 1311101011 3
170205 3 11115031 3003 3 01105135. Hyzieron ultra (10510 011 13
misma ciudad 57 01105 011100 0 5015 11103105, 0110 011110 501113113
171511311311, 11135 30 11011113 personas 31111035, 0110 30 311105 051311311
011 0310.

En esta misma quaresma 50 0111710 0110 03310, 0110113111311
Μ101101 30 501153, 3 11113 1757113 301 Rey, 0110113111311 Το11131, 3 00-
1101011 30 su Alteza, y alli 50 0001103113 en 113201 011110 501113113
(105 0 1105 110205 doctrina 31 01101110 57 011 011 confessiones y ad-
ministrarles 01 5301311101110 30 13 eucharistia, que 1000111311 3
1110111130 1111101105, 105 0113105 01 03310 30111 0110110310 empuso en
ellos, predicando 3111 01 311110 0355330. Allende desto el mismo
padre 1111011οΙ 30 501153, 05131130 3111,1113105 30111111οη05 3 305
parrochias, 3 11113 30 01135 por 13 mariana y 3 13 0113 3 13 13130,

