AN. 1553 211

30 000001131105. Dos 5300130105, (100 01 003130 1130131, 01 300
ver 3 305 50013105, 1031130 y mujer, porque 105 30130 1100110
305001001031· 0013 51010513 001 13153 505000113, 01210100 03205 001
medio 30 N. P. 000 130111035 30 310035 031105; y 1110 000110333
00 13 57010513 0113 03113, 000 (100 50 1701013 13 fama 3 105
5300130105.

Αο3031130 01 Ρ. 01 5011000 30 dilectione inimieorum, 10 100
3111531· 00 530013010 (100 (100113 113201 032 000 50 000113110.

0110 11010010 1110 3 0353 30 00 530013010 50 00001100 y 30 10-
311135 10 01310 001300, (10033030 01530013010 0001003130, 1110030
(100 01 10 31113 30 113201. Ο110 100 3 0353 (10 511 000113110 000
(10100 50 1131113 0005330 013131, y 31Χο 10 (100113 1130131 305 03-
130135; 13 113013 100 (100 (10033100 grandes 3011005 y 100100 jun-
105 3 visitas 31 Ρ. y juntos 11313030 01135 03205. Un 0101100, (1110
3013 10001105 3005 303303 00 01310001000135 000 50 03310 000
grande 30503110030100 301 000010, 1110 0301110330 y 0000011330
001 100310 30 Ν. Ρ. Y otro 3 (10100 (1135 113 00113100 003 mano
y, 3303010 0130 (103011333, 011003 113013 (1001130 00130031,50 100
30 50 1001100 31 Ρ3310 0313 113201 10 (100 10 30005033550. Α 000,
(100 1113 001 013131· 3 0110 11010010, 10 1000 N. S.01‘ 00 010013200 y
50 100 113 1130131· 31 Ρ. muy 31100001130 30 511 0000330. Τ3010100
0110 (100 305 3135 31113 (1110 3500113113 3 50 0011113110 1135 1103
mata 000 00 3103002 30 00301031, (111150 Ν. S.01· (1110 0000303550
01 000113110; y 01 313 510010010 1110 130 0100130 00 01 5011000 (100
50 100 31 Ρ. 111000 y 000 3110000111010010 10 00010 01 11000010.

ΕΙ 0135 011001031 301 000010, (100 05 030003 30 03030, 110030
113 1130131 000 Ν. Ρ., (10030 13 000 010005110 30 50 000105531 y
10001 032 000 1030 01 mundo.

Con 05105 y 01105 01001105 00000105, (100 113 0000111130 Ν. Ρ.,
. (100, 001 501 005313103, 00 50 05011000 00 031-1100131, 1130 00013-
30105 301 000010 131 0103110 301 R, (100 31200 00 113 30 101031 00-
00010 (1110 00 30300; y 355110 110000 0005 (100 30300 03205, 01105
(100 3111010 0353305 (100 0513030 3111131305, 01105 (100 00001013 013-
1111000105 013030511005, 01105, (100 03 01001105 3005 (100 00 50 1130
0001055330 001· 3100005 00003305 031110013105, 10 030 3 00311
0005010 000 01000500 30 50 000105531, 01105, (100 (1010100 00130-
031 y (101131 10000105, 50 van 3 00001 00 505 103005. ΑΙ fin 00
ay 0000010 (100 3 01 00 30033; y 0130135 31 S.01‘ 10 113 3330 130
00003 mano, que 01 0310 y 100001 30 30001 0110010 seha 000101-

